Payment,Quota,Interest,Principal,Principal Balance
1,191.49728136496273,46.25,145.25,6000.0
2,191.49728136496273,45.13,146.37,5854.75
3,191.49728136496273,44.0,147.5,5708.39
4,191.49728136496273,42.87,148.63,5560.89
5,191.49728136496273,41.72,149.78,5412.26
6,191.49728136496273,40.56,150.93,5262.48
7,191.49728136496273,39.4,152.1,5111.55
8,191.49728136496273,38.23,153.27,4959.45
9,191.49728136496273,37.05,154.45,4806.18
10,191.49728136496273,35.86,155.64,4651.73
11,191.49728136496273,34.66,156.84,4496.09
12,191.49728136496273,33.45,158.05,4339.25
13,191.49728136496273,32.23,159.27,4181.21
14,191.49728136496273,31.0,160.49,4021.94
15,191.49728136496273,29.77,161.73,3861.44
16,191.49728136496273,28.52,162.98,3699.71
17,191.49728136496273,27.26,164.23,3536.73
18,191.49728136496273,26.0,165.5,3372.5
19,191.49728136496273,24.72,166.78,3207.0
20,191.49728136496273,23.44,168.06,3040.22
21,191.49728136496273,22.14,169.36,2872.16
22,191.49728136496273,20.83,170.66,2702.8
23,191.49728136496273,19.52,171.98,2532.14
24,191.49728136496273,18.19,173.3,2360.16
25,191.49728136496273,16.86,174.64,2186.85
26,191.49728136496273,15.51,175.99,2012.21
27,191.49728136496273,14.15,177.34,1836.23
28,191.49728136496273,12.79,178.71,1658.88
29,191.49728136496273,11.41,180.09,1480.17
30,191.49728136496273,10.02,181.48,1300.09
31,191.49728136496273,8.62,182.87,1118.61
32,191.49728136496273,7.21,184.28,935.74
33,191.49728136496273,5.79,185.7,751.45
34,191.49728136496273,4.36,187.14,565.75
35,191.49728136496273,2.92,188.58,378.61
36,191.49728136496273,1.46,190.03,190.03
